854
890
821
956
1056
874
1108
1022
1064
914
1154
1079
1113
1033
977
1066
834
806
999
1054
1066
1183
838
880
847
860
982
992
1018
866
976
894
1026
1099
1131
1024
966
1160
804
962
876
842
951
968
884
838
1171
1031
1190
931
1129
1130
1120
842
1127
994
1113
1023
879
1102
902
1069
1022
1076
834
855
884
1171
1193
862
1170
1087
1006
1052
1120
1153
877
853
1050
1057
1135
929
964
1038
821
1166
932
944
1117
1108
925
890
1141
1080
800
996
1126
1024
935
1127
1125
1119
816
1037
973
1072
1000
930
898
1081
1000
1130
1112
821
1193
938
1181
1075
990
868
856
948
1129
881
892
864
1175
1034
839
1139
1103
1168
991
893
880
1091
1094
942
1137
1069
1180
993
951
1090
829
836
1035
1159
1185
1008
1171
1189
1173
914
822
977
937
1033
897
867
1060
871
1104
1132
1028
1150
978
1144
1037
1070
916
1018
823
880
979
1181
998
1093
830
1191
1180
883
960
1183
1148
1171
1133
996
1117
999
1147
1193
868
997
1120
804
1153
1174
1011
852
814
1148
800
1003
1023
1137
1051
820
944
1120
949
1075
984
885
1038
965
1162
974
1191
1007
1079
1110
992
983
810
1086
848
844
1064
1144
1043
913
815
1074
1041
969
1029
1172
923
969
919
1152
957
1081
1177
1130
873
880
971
981
884
879
1123
1118
892
999
1003
805
833
907
921
1054
1154
873
1159
1182
1018
1072
990
1177
955
1131
1038
981
888
963
1033
1077
1037
1020
1016
1032
859
1041
1101
1071
902
1084
846
1041
1165
1041
1043
881
1098
815
1084
1199
886
891
1183
1073
1151
975
1131
828
909
937
1084
1199
991
1052
891
849
1075
808
1136
1181
1194
1003
1018
1051
837
988
1099
1180
1140
908
1146
905
924
1065
1019
891
1142
1087
1092
1130
1105
827
1113
1081
1055
1098
809
1175
821
1076
1077
1121
1042
1170
1135
1079
1033
924
904
1166
1116
942
1097
943
1103
960
817
1057
1129
1099
1109
943
1029
963
801
826
889
1074
1119
914
1133
1086
902
957
852
1117
831
1071
1022
1157
1139
1128
933
1066
833
1011
1154
800
886
986
1064
1010
818
860
995
1087
1006
903
897
903
931
1120
1122
811
1155
1110
1190
924
917
815
895
816
873
1093
1049
934
828
896
1188
890
907
831
1008
1191
1169
1135
843
1159
1017
1038
1129
991
1042
1095
993
1028
1181
1108
1124
1184
973
1037
863
1141
1124
866
1088
1026
1121
964
969
871
1060
1073
956
1163
955
1060
926
902
1180
1133
814
1062
1060
1186
828
1025
925
1072
914
960
1093
1147
1101
1179
1115
949
860
810
859
1166
1130
962
1068
1198
1074
933
838
1192
1143
1119