5088
4919
4965
5096
5042
5024
4982
5037
5085
5037
5027
4953
4980
5066
5046
4989
4976
4966
4987
5066
5092
5003
4927
5072
4918
4901
5097
5028
5022
5018
4973
5047
4985
5094
5078
4974
4954
5087
5011
5036
4954
4914
4965
5100
4997
5038
4947
4922
5049
4945
5097
4917
4959
5050
4988
4951
4929
4977
5002
5085
5085
4901
5076
5002
4924
4921
5091
4973
4985
5017
4985
5085
4915
5057
5015
5072
5048
5007
5068
5098
5007
4965
5023
5050
5088
5083
5021
4959
5075
5027
4923
5038
5013
5033
5059
5005
4987
4904
4936
5073