4321
4331
4409
4381
4096
4322
5043
4108
4710
5081
4245
3625
3573
4402
3841
5284
5012
3634
4186
4835
4226
4767
4655
4825
3788
4032
3859
4695
5221
4583
4388
4159
5432
5037
5072
4311
4091
4185
3602
3650
5236
4557
5042
5355
4025
4657
4308
4901
4348
3808
5400
4585
4292
3566
4102
4523
4722
3552
3765
4479
4216
5199
5260
4978
3529
3729
4578
4102
4948
4542
4449
5156
3574
5276
4445
3889
5090
5468
5458
4136
4418
4185
4130
5266
3712
4215
5368
5052
4216
4889
4115
5198
3985
4167
4996
3795
3666
3636
5047
4829
